W7 3,2 3,3 2,4 1,4
WT9 4,1 3,2
ES7 1,4 2,4 3,4 4,5 4,6 3,7 2,7
EL7 2,7 1,8
E7 1,8 2,9 2,10 1,11
E8 1,15 2,16 2,17 1,18
WT11 1,18 2,19 2,20 1,21
E9 1,21 2,22 2,23 1,24
E10 1,27 2,28 2,29 1,30
WT12 1,30 2,31 2,32 1,33
E11 1,33 2,34 2,35 1,36
E12 1,40 2,41 2,42 1,43
EL8 1,43 2,44
ES8 2,44 3,44 4,45 4,46 3,47 2,47 1,47
W8 1,47 2,47 3,48 3,49
WT10 3,49 4,50
E6 5,1 6,2 7,2 8,1
E13 8,50 7,49 6,49 5,50
S25 10,7 9,7 8,7 7,8 7,9 7,10
S26 10,7 11,7 12,7
S27 12,7 13,7 14,7 15,8 15,9 15,10
S30 15,10 15,11 15,12 14,13 13,13 12,13
S29 12,13 11,13 10,13
S28 10,13 9,13 8,13 7,12 7,11 7,10
S31 8,23 9,23 10,23 7,24 7,25
S32 10,23 11,23 12,23
S33 12,23 13,23 14,23 15,24 15,25
S34 7,26 7,27 8,28 9,28 10,28
S35 10,28 11,28 12,28
S36 12,28 13,28 14,28 15,27 15,26
S37 7,41 7,40 7,39 8,38 9,38 10,38
S38 10,38 11,38 12,38
S39 12,38 13,38 14,38 15,39 15,40 15,41
S42 15,41 15,42 15,43 14,44 13,44 12,44
S41 12,44 11,44 10,44
S40 10,44 9,44 8,44 7,43 7,42 7,41
E5 12,1 13,2 14,1
E14 14,50 13,49 12,50
WT7 15,1 16,2 17,2 18,1
WT8 18,50 17,49 16,49 15,50
E4 18,1 17,2 16,2 15,1
E15 15,50 16,49 17,49 18,50
EL5 18,14 17,15
ES5 17,15 16,16 15,17 16,18 17,18 18,18 19,18 20,17 20,16
ES6 16,33 17,33 18,33 19,33 20,34 20,35 17,36 16,35
EL6 18,37 17,36
E3 24,1 25,2 26,2 27,1
E16 27,50 26,49 25,49 24,50
B1 23,9 24,9 25,9 26,9 27,9 28,9 22,10 22,11 23,12 24,12 25,12 26,12 27,12 28,12 29,10 29,11
B2 23,15 24,15 25,15 26,15 27,15 28,15 23,18 24,18 25,18 26,18 27,18 28,18 22,16 22,17 29,16 29,17
B3 25,22 26,23 19,24 20,24 21,24 22,24 23,24 24,24 25,24 18,23 19,22 20,21 21,21 22,21 23,21 24,21
B4 19,27 20,27 21,27 22,27 23,27 24,27 25,27 26,28 25,29 20,30 21,30 22,30 23,30 24,30 19,29 18,28
B5 23,33 24,33 25,33 26,33 27,33 28,33 29,34 29,35 23,36 24,36 25,36 26,36 27,36 28,36 22,34 22,35
B6 23,39 24,39 25,39 26,39 27,39 28,39 29,40 29,41 23,42 24,42 25,42 26,42 27,42 28,42
E2 30,1 31,2 32,2 33,1
E17 33,50 32,49 31,49 30,50
WT3 33,1 34,2 35,2 36,1
WT4 37,50 36,49 35,49 34,50
E1 37,1 38,2 39,1
E18 39,50 38,49 37,50
S17 32,5 33,5 34,5 31,6 31,7 31,8
S20 31,8 31,9 31,10 35,9
S18 34,5 35,5 36,5 35,9 36,9
S19 36,5 37,5 38,5 39,6 39,7 38,8 37,9
W5 35,11 35,12 35,13 34,14
WT5 34,14 34,15
EL3 34,15
ES3 34,15 35,16 36,17 35,18 34,18 33,18 31,16 31,17
ES4 31,34 31,35 33,33 34,33 35,33 36,34 35,35 34,36
WT6 34,37 34,36
EL4 34,36 34,37
W6 34,37 3,38 35,39 35,40
S24 35,42 31,42 31,43
S21 31,44 31,45 32,46 33,46 34,46
S22 34,46 35,46 36,46 35,42 36,42
S23 36,46 37,46 38,46 39,44 39,45 38,43 36,42 37,42
W3 41,3 42,3 43,3 40,1 40,2
W4 41,48 42,48 43,48 40,49 40,49 40,50
S12 43,7 44,8 44,9 44,10
S11 44,10 44,11 44,12 41,13 42,13 43,13
S10 39,13 40,13 41,13
S9 36,11 36,12 37,13 38,13 39,13
S5 39,17 40,16 41,16 38,18 38,19
S6 38,19 38,20 38,21 39,22 40,22 41,22
Q1 42,16 43,17 43,18 43,19 43,20 43,21 42,22
S7 39,29 40,29 41,29 38,30 38,31 38,32
S8 38,32 38,33 39,34 40,35 41,35
Q2 42,29 43,30 43,31 43,32 43,33 43,34 42,35
S13 36,39 36,40 37,38 38,38 39,38
S14 39,38 40,38 41,38
S15 41,38 42,38 43,38 44,39 44,40 44,41
S16 44,41 44,42 44,43 43,44
WT1 4,1 47,2
W1 47,2 48,3 49,3 50,3
ES1 48,4 49,4 50,4 47,5 47,6 48,7 49,7
EL1 49,7 50,8
D1 50,11 49,12 49,13 49,14 50,15
S1 49,16 50,16 48,17 48,18 48,19
S2 48,19 48,20 48,21 49,22 50,22
D2 50,23 49,24 49,25 49,26 49,27 50,28
S3 49,29 50,29 48,32 48,31 48,30
S4 49,35 50,35 48,32 48,33 48,34
D3 50,36 49,37 49,38 49,39 50,40
EL2 50,43 49,44
ES2 48,44 49,44 47,45 47,46 48,47 49,47 50,47
W2 48,48 49,48 50,48 47,49
WT2 47,49 46,50